    10     191.5264     187.9067     196.5041
    10     193.0015     192.0485     197.6641
    10     191.6058     190.5392     192.3498
    10     189.4400     190.6298     191.1179
    10     189.8574     189.2760     188.6245
    10     193.7401     191.3775     191.3828
    10     187.8379     190.4284     191.6163
    10     192.1901     188.7510     193.5717
    10     190.1666     189.3159     190.4047
    10     190.1027     190.6413     198.8773
    10     190.8328     188.3117     192.1868
    10     190.2627     190.3276     189.5401
    10     187.7904     188.4508     186.0404
    10     187.2068     191.6534     188.8031
    10     192.0509     185.4371     194.8054
    10     191.4529     189.0792     192.6859
    10     191.6213     188.5355     187.6399
    10     183.9486     191.8263     193.4926
    10     192.9715     188.2535     187.1041
    10     191.6258     191.6554     190.6321
    10     188.1443     190.4489     193.3152
    10     192.3767     188.6522     188.2951
    10     198.3792     184.3676     193.4736
    10     191.8633     191.8954     187.2483
    10     182.7023     189.9989     192.6140
    10     193.1338     198.0578     192.9205
    10     195.0041     193.2758     187.6441
    10     191.0190     191.2608     185.0883
    10     192.7411     188.3297     191.4339
    10     191.1571     191.8416     195.2169
    10     188.5442     190.5076     190.3676
    10     191.3346     188.8472     183.1004
    10     189.0735     193.5306     193.1655
    10     188.4122     190.6860     191.8890
    10     189.5937     191.9856     195.3470
    10     185.6703     189.7215     188.9079
    10     190.7660     192.7170     192.3253
    10     189.5345     187.5105     190.7472
    10     192.6425     188.7469     191.3994
    10     192.0592     184.7864     191.2847
    10     193.6954     181.5085     188.1631
    10     189.8670     191.5016     194.3517
    10     187.7334     190.8310     191.5986
    10     191.1417     192.6064     186.1145
    10     191.9375     189.5027     191.8470
    10     190.3008     189.7179     194.3526
    10     190.7690     185.1883     194.9380
    10     191.6828     190.2026     185.7470
    10     192.3507     186.1872     193.6684
    10     191.0535     186.7068     195.9893
    10     191.1422     189.1813     188.8921
    10     190.1775     192.8232     190.4569
    10     187.6531     191.9517     193.0154
    10     188.4835     191.2542     189.3131
    10     189.6183     186.5778     191.2587
    10     188.8419     186.1648     187.7042
    10     187.9078     193.8262     190.3152
    10     189.4058     190.0730     192.8592
    10     188.1528     190.6501     194.8027
    10     188.6503     190.4908     186.5969
    10     188.3973     187.4625     189.1545
    10     190.4140     187.1099     196.2530
    10     189.4105     191.7549     193.1327
    10     193.5264     187.2807     190.3477
    10     188.8402     190.4016     190.5982
    10     187.5417     194.1193     187.4169
    10     194.1075     194.6816     189.6394
    10     187.5021     191.3067     193.9173
    10     190.9905     193.1813     188.1962
    10     189.2685     194.6936     191.4512
    10     187.2692     184.6251     189.3571
    10     195.2042     194.0717     189.4664
    10     191.8066     191.2021     193.4592
    10     189.7703     189.7306     187.7088
    10     187.0812     186.6468     189.1236
    10     187.0935     189.2511     191.8537
    10     183.7644     191.7849     192.8468
    10     189.0836     187.8948     190.5346
    10     191.2351     194.6151     195.0220
    10     188.8299     189.9777     187.7755
    10     187.4583     189.5589     188.2557
    10     191.9010     189.4147     190.5225
    10     193.4934     186.7763     192.1546
    10     187.2035     186.1983     190.8601
    10     188.9667     189.5003     200.1284
    10     187.1026     191.4084     186.0064
    10     185.5885     192.1662     192.7268
    10     189.3179     189.8119     192.0360
    10     191.6870     189.7050     186.0366
    10     190.7481     191.2140     193.3780
    10     193.9796     189.7926     193.8834
    10     192.1204     190.3985     195.0251
    10     189.0705     188.8953     189.0917
    10     186.9859     190.0912     195.6467
    10     192.5187     187.7792     189.0920
    10     190.9049     197.0865     192.5403
    10     192.3730     189.7194     192.7900
    10     191.4192     190.5278     187.7764
    10     195.0438     189.8014     189.8205
    10     195.6160     189.1096     187.5869
    20     179.4717     180.3637     182.4603
    20     175.2891     178.7619     183.3550
    20     177.9603     181.6701     187.5584
    20     177.3363     179.1566     182.5533
    20     177.6157     180.4138     181.4941
    20     182.0070     178.8702     178.9239
    20     180.8158     178.0564     178.2048
    20     175.5596     181.1903     186.4404
    20     179.1518     171.6158     178.5821
    20     180.8851     176.0461     184.1020
    20     180.2499     180.6490     177.0036
    20     177.1610     177.8484     175.8692
    20     179.1104     184.3469     179.7160
    20     181.3316     181.5973     180.1773
    20     178.3469     180.7712     179.8037
    20     183.8644     182.7436     186.7885
    20     185.3196     179.4630     180.8378
    20     184.9018     181.4409     178.1080
    20     180.8985     176.9668     182.2036
    20     184.5407     185.9122     181.2226
    20     178.6481     180.2658     183.6260
    20     179.5363     184.1025     180.0527
    20     177.2655     177.4812     177.0367
    20     181.0366     180.6666     184.1300
    20     175.8258     176.5854     180.3282
    20     174.7455     180.8208     176.1702
    20     178.8605     175.2399     179.6170
    20     175.2044     181.5682     182.3152
    20     178.1174     183.8956     181.4144
    20     177.4845     174.9601     179.6960
    20     182.4019     176.5819     181.4543
    20     182.1737     180.4490     183.8449
    20     180.8835     178.7664     182.8260
    20     181.1620     181.6427     180.3193
    20     182.0741     185.0510     178.0714
    20     179.2620     182.2441     181.9297
    20     183.3686     178.2959     184.3205
    20     180.4620     180.1211     178.6921
    20     185.0540     182.2449     183.1334
    20     185.4386     182.9775     178.2723
    20     178.4866     181.6338     183.2854
    20     183.2550     178.9693     182.1040
    20     182.1853     177.4647     184.3770
    20     179.1277     179.2919     180.5315
    20     178.5776     184.2862     178.6558
    20     182.7315     178.9115     176.7652
    20     177.4409     174.7928     176.6064
    20     185.1127     179.4403     181.0148
    20     182.1663     182.1156     183.4630
    20     180.7773     185.3257     181.7858
    20     178.0917     182.4612     187.6310
    20     180.1507     181.8432     179.9583
    20     181.0015     179.0918     182.5189
    20     178.8975     183.4699     182.4860
    20     181.2597     182.0253     185.0185
    20     180.5380     182.2969     181.7333
    20     179.8815     178.5778     185.2347
    20     182.3962     178.8656     179.3056
    20     179.1077     180.0956     182.2111
    20     179.8094     178.9115     176.9007
    20     181.7117     179.6187     175.9807
    20     179.9098     180.4102     183.5190
    20     173.5224     181.5212     183.0436
    20     179.6984     175.1401     180.2021
    20     180.5298     184.7424     185.2799
    20     178.9941     183.2121     187.1091
    20     174.5338     175.0982     183.4415
    20     184.1735     181.3849     186.6412
    20     181.0962     180.1811     180.2790
    20     179.0712     182.5359     184.4735
    20     177.1776     178.8146     183.3138
    20     182.5786     180.1958     179.2001
    20     176.7056     182.0563     184.9988
    20     181.8356     177.0256     184.1035
    20     186.8295     182.9032     177.1310
    20     183.8342     182.1535     182.7451
    20     179.3610     176.0657     178.5075
    20     174.2919     179.9792     179.3306
    20     172.9734     175.9014     174.7459
    20     179.0155     176.3104     179.7805
    20     180.8126     180.2206     183.3236
    20     182.4183     187.0598     184.4246
    20     177.6605     179.2957     181.0868
    20     181.4752     177.9320     184.4653
    20     180.6557     176.2762     182.0504
    20     182.0603     176.9037     182.6766
    20     182.6395     179.7823     183.5043
    20     183.8858     182.0521     178.3392
    20     180.0569     177.6426     180.0623
    20     182.6532     182.4541     186.4816
    20     180.8726     181.0871     180.4335
    20     181.1018     180.7877     182.6141
    20     178.5942     180.2422     175.8130
    20     183.4751     181.6706     180.5475
    20     176.9238     178.4504     181.6011
    20     186.4243     180.8134     175.9014
    20     179.7794     182.3223     180.1467
    20     179.1086     176.5463     184.2458
    20     178.4743     176.5986     182.3043
    20     178.9030     178.0669     176.8301
    30     165.5868     165.5505     169.1949
    30     167.7267     169.7412     171.3670
    30     167.4344     167.7961     172.1420
    30     171.5596     171.6908     171.6361
    30     167.2333     169.9027     172.5966
    30     168.9491     168.9114     167.6007
    30     174.1613     177.5329     171.3189
    30     167.7437     167.6145     168.5651
    30     168.5639     172.1913     165.8075
    30     163.5952     166.1159     171.6541
    30     173.9018     173.4064     168.0703
    30     171.7909     165.9663     171.7757
    30     169.9227     175.5150     173.5264
    30     173.6128     171.3926     168.5616
    30     171.8153     170.5989     170.3672
    30     167.8459     168.8668     166.1954
    30     168.2880     166.8386     168.7742
    30     167.9636     167.5369     173.1967
    30     171.1459     171.8038     166.9825
    30     166.1810     172.0890     173.8018
    30     170.9061     168.5796     175.7269
    30     165.6431     170.8953     170.6291
    30     167.6505     166.1357     170.1379
    30     167.7009     171.5792     170.0007
    30     165.4632     169.9726     169.9163
    30     173.5756     172.9655     174.0328
    30     171.7649     166.7616     172.0547
    30     173.8020     169.0413     168.2858
    30     171.4716     166.8095     171.2052
    30     170.3281     173.6620     169.6975
    30     165.1805     165.9428     172.1961
    30     168.3892     167.3151     166.0188
    30     166.8509     166.4121     168.6877
    30     171.1210     176.0195     174.7212
    30     165.5365     168.3719     174.0050
    30     164.5798     169.0139     178.7892
    30     169.9825     171.1716     170.4752
    30     166.5009     169.1804     174.7755
    30     171.6105     172.1855     166.6417
    30     165.2830     167.0530     167.6896
    30     167.3765     168.7462     171.4794
    30     167.8460     173.7470     173.4900
    30     172.8703     169.9884     170.5773
    30     170.2254     168.9743     167.0475
    30     169.2197     166.1216     170.3427
    30     166.0071     173.7185     168.3541
    30     173.1583     166.8258     163.1320
    30     165.8729     171.4555     173.8690
    30     167.0893     166.8067     172.8846
    30     166.5914     164.9833     170.2548
    30     167.9342     169.3693     172.2970
    30     169.0386     168.0345     174.2739
    30     167.7923     168.1181     174.0758
    30     179.3040     169.3934     164.2573
    30     163.9515     165.3590     172.4246
    30     171.6274     171.8098     171.6234
    30     168.5412     170.7539     170.3808
    30     171.0130     170.8002     177.8813
    30     172.4458     170.7644     166.4930
    30     168.8279     172.9261     169.7977
    30     173.2006     174.7228     172.0178
    30     173.1888     168.2897     174.6632
    30     172.6424     167.1280     173.3105
    30     170.3833     169.5949     166.6378
    30     171.9444     164.1058     169.2805
    30     173.2889     170.0596     175.2019
    30     166.9489     169.6040     176.5927
    30     172.0517     167.2407     169.8531
    30     168.3332     168.4244     170.2447
    30     169.7046     170.6663     174.9544
    30     168.4382     173.5452     176.0501
    30     167.4189     172.5170     176.1957
    30     172.2490     167.0375     168.1902
    30     172.8979     162.3388     171.5587
    30     167.5154     171.5103     174.1283
    30     170.3752     172.2479     175.2575
    30     169.7585     171.5789     177.1078
    30     166.0576     171.0130     171.6881
    30     163.9620     166.2850     170.7479
    30     169.1916     166.2983     170.3630
    30     170.7155     166.9141     171.5993
    30     168.1105     167.7494     174.8748
    30     173.7411     169.2031     165.1605
    30     166.2652     171.9987     171.2125
    30     167.9355     174.7883     180.5106
    30     169.2060     172.9249     174.2904
    30     169.7701     170.3778     174.5518
    30     166.3669     167.4393     163.7616
    30     169.8984     169.0975     171.6211
    30     166.5771     174.9291     170.6219
    30     173.1505     173.3481     174.0732
    30     169.9040     170.8099     167.5796
    30     175.2380     166.6051     176.6568
    30     169.8935     169.9978     172.1857
    30     171.6834     172.7836     170.2802
    30     169.8716     172.7182     175.7411
    30     168.2512     167.9377     175.5835
    30     167.7918     167.4608     172.3271
    30     161.7080     175.0545     167.3484
    30     172.9542     170.4758     171.5776
    40     157.3725     158.5041     160.0842
    40     160.1376     167.1548     164.9123
    40     157.2978     163.4853     155.2718
    40     158.2331     161.0271     161.4957
    40     156.0162     160.2227     166.4457
    40     156.6716     161.0270     167.0275
    40     158.7453     154.2973     158.6103
    40     160.2268     167.8180     160.8250
    40     154.9581     161.8777     160.9909
    40     157.1404     160.8433     166.8091
    40     161.1197     158.0055     162.4313
    40     160.0152     165.5270     161.0782
    40     158.7850     161.8250     150.9608
    40     155.8276     161.2411     151.6401
    40     158.0596     160.2442     161.0493
    40     157.4533     169.0800     153.2906
    40     160.0777     167.3033     162.4386
    40     163.6203     159.9978     160.3828
    40     161.3191     158.2346     165.8258
    40     164.6275     161.8575     164.3814
    40     162.9917     161.6530     161.2088
    40     159.7472     163.7341     158.6321
    40     160.6951     166.2697     159.8802
    40     162.9958     162.5997     157.4670
    40     163.9594     163.0118     161.1097
    40     164.2788     159.1194     157.0457
    40     162.8313     163.1624     160.5161
    40     161.2428     162.4647     158.2440
    40     156.9757     164.2315     166.7940
    40     156.0012     163.3311     160.5558
    40     158.1079     155.6892     157.6326
    40     162.4444     161.5748     158.6523
    40     161.1574     160.2862     166.5350
    40     160.9198     159.2241     159.5470
    40     159.3680     158.6272     160.9621
    40     161.8806     159.2468     159.8863
    40     160.0538     156.1356     159.7250
    40     159.4040     159.9760     158.0972
    40     163.1246     160.7793     167.6129
    40     158.0812     158.1532     161.0618
    40     160.0286     158.3076     161.6794
    40     165.4463     160.1097     155.2564
    40     162.1334     156.5657     161.1038
    40     152.2053     162.6064     161.5599
    40     161.4430     165.3048     160.8157
    40     165.9880     161.7033     155.8714
    40     157.3312     158.5481     166.7919
    40     163.3404     165.5108     165.5475
    40     159.8762     158.7135     167.2960
    40     165.8039     164.0571     163.7955
    40     161.9461     159.5895     157.3157
    40     156.2156     154.9349     164.3880
    40     156.9673     157.6563     163.1823
    40     157.0572     161.1157     165.7487
    40     156.5093     162.5798     159.0309
    40     162.6654     160.1078     157.0072
    40     163.3696     159.2447     163.0894
    40     163.6775     156.6566     161.9467
    40     158.2736     162.1953     160.6912
    40     163.3834     159.1082     160.9436
    40     164.2047     159.4267     162.4847
    40     163.1662     162.0261     156.5131
    40     159.6818     160.6292     158.4990
    40     161.8876     154.3891     154.8269
    40     158.5298     158.3981     164.8537
    40     149.8156     159.0924     161.6511
    40     156.1715     160.2975     156.8405
    40     155.4449     156.1607     155.9035
    40     159.1479     163.3002     165.2380
    40     157.1616     157.4973     158.5623
    40     162.8619     160.0478     167.9609
    40     163.3012     158.7280     160.1651
    40     155.4873     165.9262     161.5970
    40     162.1901     164.8613     162.4161
    40     158.2777     160.3744     158.6907
    40     160.9516     163.2704     156.8723
    40     157.2277     165.3318     155.1446
    40     168.4782     156.8005     162.8950
    40     162.0217     158.2216     159.4191
    40     164.6519     160.3754     160.9038
    40     162.2378     163.2408     160.7664
    40     164.4301     155.0042     161.3274
    40     164.4153     155.6017     151.6207
    40     158.9216     160.7380     169.5314
    40     162.2552     158.4929     163.4433
    40     164.6962     161.1293     159.2889
    40     161.1127     163.1146     161.5069
    40     161.0483     160.2921     162.7809
    40     157.1453     154.7067     160.6626
    40     158.4031     158.3310     162.8803
    40     164.4535     156.1368     166.0838
    40     156.8711     156.2668     154.8428
    40     157.1747     161.6766     164.7012
    40     160.4741     159.3105     157.6267
    40     165.7525     157.0646     162.2207
    40     159.5059     163.2579     160.3744
    40     158.2973     162.7688     159.7694
    40     161.3457     154.0098     157.1938
    40     160.8153     156.3115     156.9268
    40     160.3109     162.4698     163.3959
    50     149.0179     145.1188     153.1720
    50     148.8617     150.3073     154.6177
    50     157.3898     146.4423     150.3289
    50     145.5513     150.4485     149.8368
    50     145.5277     151.2162     158.7611
    50     148.9534     149.8575     152.2737
    50     150.1755     147.3537     148.5776
    50     150.5853     147.3869     146.6816
    50     147.0441     150.4450     149.2931
    50     152.3160     150.9482     153.9410
    50     147.9380     146.2787     153.8302
    50     153.5513     146.4700     154.0482
    50     152.5143     151.4700     145.3906
    50     151.1260     148.4985     151.7621
    50     152.2148     152.7319     147.3473
    50     147.0870     150.6433     148.2028
    50     146.2873     149.2565     152.9334
    50     144.5615     155.3010     144.7155
    50     149.1910     144.7505     150.2691
    50     149.7330     150.1407     151.1967
    50     146.2426     150.8285     145.7634
    50     153.5030     149.2495     150.6038
    50     145.0872     149.0779     153.6417
    50     146.7694     154.0635     153.4868
    50     146.9625     152.7133     152.6192
    50     144.9670     150.5955     151.7734
    50     152.6572     149.4526     146.1565
    50     151.7277     149.9970     150.4899
    50     150.1716     148.5452     150.9024
    50     147.0587     148.5302     151.8525
    50     143.9105     144.2775     153.8652
    50     151.3253     148.1253     149.3845
    50     155.0626     152.8706     153.3279
    50     151.6916     143.8565     150.4302
    50     149.4354     147.1690     150.9697
    50     150.3222     147.3342     152.1267
    50     147.0160     152.3354     149.5856
    50     148.9888     151.7322     148.2765
    50     152.1490     147.4607     154.6868
    50     148.2635     152.9515     146.4023
    50     153.5125     152.5435     151.9360
    50     147.3808     150.3821     149.9090
    50     155.5970     153.8309     153.0314
    50     152.5979     151.8980     150.7623
    50     148.0243     151.8622     155.8404
    50     161.8634     147.8522     148.5154
    50     151.5789     148.6681     150.2480
    50     150.3075     145.6722     148.6754
    50     147.9213     145.5041     153.5847
    50     150.4260     145.0334     154.4299
    50     148.0836     144.3338     153.7591
    50     148.3754     149.0941     151.4603
    50     148.1321     154.8473     147.2928
    50     150.1689     153.6129     158.6848
    50     150.6367     151.2985     151.0064
    50     148.4061     154.4983     139.0816
    50     151.3379     154.8005     154.0261
    50     150.9874     153.8877     151.8529
    50     146.4569     150.6168     154.4244
    50     148.9553     150.5471     147.7010
    50     152.5228     150.0376     148.5643
    50     157.6197     149.1496     155.3611
    50     156.3945     152.8471     149.5615
    50     147.0237     150.4025     148.5963
    50     145.7825     146.3667     155.5832
    50     148.0252     153.3814     151.7384
    50     147.6887     152.7213     153.7764
    50     145.9279     154.1393     151.0060
    50     151.0313     146.6170     151.6594
    50     146.0023     149.9107     144.0243
    50     149.0777     156.0171     150.4735
    50     146.1032     152.1909     149.0348
    50     149.8564     155.9198     152.0912
    50     151.1769     155.7584     154.8871
    50     146.5994     153.9080     153.7844
    50     154.0378     150.4069     147.3242
    50     151.5155     148.7659     144.4771
    50     155.4444     147.8435     156.0536
    50     154.6938     148.0428     148.1091
    50     148.1002     151.3905     155.1744
    50     154.2050     153.0781     147.4168
    50     150.6245     151.2880     148.7538
    50     154.5686     148.5342     151.9479
    50     150.3786     148.8271     152.7468
    50     153.6359     147.6545     150.1808
    50     150.5181     151.8612     152.8187
    50     152.2166     150.2355     146.6653
    50     144.2014     154.7899     151.8130
    50     149.8288     149.5063     155.5087
    50     151.8978     153.1362     151.4461
    50     148.2219     146.5280     156.7178
    50     154.0329     149.0361     148.5527
    50     154.4160     151.8813     155.7303
    50     147.4323     147.3019     153.4972
    50     149.7369     146.1869     151.3555
    50     152.3183     144.0055     146.6173
    50     151.7637     152.0121     146.9727
    50     148.0440     147.0525     151.6595
    50     154.8856     153.3902     154.2423
    50     150.7722     149.9275     153.8799
    60     142.1496     144.5224     141.9202
    60     136.0320     149.6041     142.6629
    60     141.8092     144.9175     142.1268
    60     136.6695     143.2573     143.5026
    60     142.0132     144.9528     145.2333
    60     138.4703     137.1679     145.8386
    60     141.9557     136.2907     145.6592
    60     139.2768     132.2162     137.0490
    60     142.9051     142.4390     144.4592
    60     139.5109     138.2582     144.0204
    60     140.9944     136.3266     140.2468
    60     134.0435     139.7622     142.8325
    60     144.0683     141.2158     141.0864
    60     137.7853     146.0047     134.5845
    60     135.4594     138.8266     141.0335
    60     144.0399     140.1757     147.5221
    60     137.9473     138.3451     140.8651
    60     142.1150     145.7602     143.4483
    60     135.5788     133.5823     140.9585
    60     143.6730     142.2940     142.3182
    60     140.2667     142.1387     140.6688
    60     137.4182     138.0492     141.9309
    60     142.9052     141.4503     132.8704
    60     141.5111     143.0000     139.8031
    60     141.6218     137.3206     146.0094
    60     142.9935     143.5934     140.9121
    60     142.7888     140.6085     145.0478
    60     140.1779     142.9939     146.3382
    60     139.1907     141.2386     141.5123
    60     138.3557     142.5159     135.9637
    60     136.5469     141.7050     139.9211
    60     142.5097     138.5402     147.1746
    60     145.2093     138.8781     138.2562
    60     136.5407     140.0562     143.7016
    60     137.1412     139.0224     139.5575
    60     132.8320     141.1664     146.2514
    60     142.5492     144.5058     142.9225
    60     140.8325     140.8254     134.7772
    60     141.7965     144.1515     143.8128
    60     136.6649     143.2477     142.1965
    60     138.8443     141.1311     144.6743
    60     140.2098     141.5566     143.4903
    60     136.4017     140.9160     140.6316
    60     141.2274     141.9858     139.7781
    60     139.2101     137.2764     145.8822
    60     143.6003     146.3848     144.1268
    60     149.3857     144.1187     139.1370
    60     135.3507     144.9395     137.7918
    60     138.0408     141.7708     147.0038
    60     143.5828     142.1190     135.3146
    60     140.5022     144.4785     138.2288
    60     143.0392     146.6207     137.1976
    60     141.0884     129.0173     140.7174
    60     141.0769     138.5227     142.2486
    60     135.8902     141.4808     135.3908
    60     138.5621     145.5947     144.5148
    60     136.4758     139.6859     137.6172
    60     138.9556     135.9172     139.1013
    60     141.0375     139.0515     148.5358
    60     134.7986     138.0895     134.7202
    60     141.2803     142.8882     141.9294
    60     135.7835     146.5165     146.1506
    60     139.7791     132.8396     138.3107
    60     142.3038     137.3486     143.6536
    60     138.6205     139.4417     143.7532
    60     143.5282     141.8459     150.3283
    60     136.4950     144.1724     141.7662
    60     135.6823     138.2617     145.7612
    60     139.5635     144.1117     141.3836
    60     139.1335     136.0325     140.5368
    60     136.6576     140.4118     145.8925
    60     134.0697     143.9983     147.4296
    60     135.6142     137.8517     136.3611
    60     135.5738     139.8717     140.1517
    60     144.5541     144.3432     143.0627
    60     143.8482     142.6523     142.6964
    60     134.6185     137.9694     135.0625
    60     144.7489     139.7415     146.6594
    60     142.8345     139.9650     145.1295
    60     140.6819     141.0478     136.7833
    60     138.8567     142.6066     137.3817
    60     141.6999     141.6301     139.6386
    60     142.2615     138.8687     142.0652
    60     136.4909     140.7316     146.5083
    60     133.3734     142.9720     133.2494
    60     140.8399     141.7923     142.2534
    60     138.3434     144.0308     143.2765
    60     143.8569     145.2055     141.4759
    60     137.5408     134.0749     143.7905
    60     138.6056     146.2826     139.8933
    60     144.2383     144.2128     147.3420
    60     143.8244     142.3735     143.0019
    60     140.9278     142.4070     137.0924
    60     139.4163     140.5023     145.2061
    60     141.4860     139.3509     137.9453
    60     137.9307     139.7485     143.4056
    60     134.8921     138.2193     139.2461
    60     138.7289     140.5700     141.2943
    60     133.9997     137.3165     143.6605
    60     145.7650     138.8174     139.6432
    70     125.8201     132.8695     139.0621
    70     134.0031     132.9955     130.6971
    70     127.3873     135.2524     130.0180
    70     129.8712     126.9269     134.6164
    70     128.7131     132.2856     131.5275
    70     125.6930     137.4658     135.8455
    70     130.1414     130.2953     132.0136
    70     124.2941     133.9746     130.7288
    70     130.2676     132.3292     132.8965
    70     123.6727     126.3137     130.0782
    70     128.9991     123.1764     124.3069
    70     131.5379     130.1438     134.8204
    70     130.7528     134.0036     134.6503
    70     130.2265     131.5927     132.3898
    70     130.6989     132.2174     130.4331
    70     126.8486     126.4374     134.9888
    70     132.9509     135.4218     131.8037
    70     130.5587     130.3113     132.9274
    70     131.8065     131.3875     134.4879
    70     129.9061     132.7904     129.2837
    70     124.2972     129.6174     131.5526
    70     130.4456     133.4176     129.4258
    70     127.7259     127.1560     136.0818
    70     128.5074     128.5917     129.3424
    70     132.9309     131.8756     130.6270
    70     130.7556     127.3529     133.2392
    70     125.5557     128.9346     133.2111
    70     130.0750     130.1372     132.0088
    70     127.8377     137.5854     130.3355
    70     126.2223     129.3639     135.4059
    70     135.2936     126.8607     134.1669
    70     132.4565     131.1751     127.3256
    70     130.0864     130.5289     134.8890
    70     128.8913     132.7821     133.4877
    70     125.4586     124.1816     138.9341
    70     129.4310     125.5590     127.4336
    70     133.1214     127.4070     131.7271
    70     125.5073     129.9470     129.9248
    70     132.5399     127.2072     135.2098
    70     131.5647     136.4173     137.9375
    70     133.3043     128.2975     130.8380
    70     132.8624     130.0332     132.4993
    70     129.7977     129.1712     132.3710
    70     128.7250     129.5520     127.9216
    70     130.6286     128.5866     132.3351
    70     124.7473     131.6665     128.8801
    70     131.4835     132.3903     129.3927
    70     131.8938     129.2345     135.8579
    70     130.6406     136.9108     137.0393
    70     135.3141     133.1028     128.3019
    70     131.1969     133.4049     135.5228
    70     130.8545     128.7132     130.4069
    70     129.9371     129.6302     136.6980
    70     128.6921     126.7167     126.8948
    70     124.3172     129.2688     137.1701
    70     129.3123     130.6592     133.6112
    70     133.3207     126.4995     129.8804
    70     129.3184     131.5174     136.3398
    70     134.8268     134.4054     135.3312
    70     131.8553     130.1282     134.4439
    70     132.0293     130.7216     130.4077
    70     132.2981     129.4416     134.0778
    70     131.3341     130.3861     130.5476
    70     127.5438     135.2389     130.5079
    70     124.1064     125.2453     135.3167
    70     130.0613     129.0106     129.5669
    70     134.4911     125.5154     127.5018
    70     129.1601     132.0451     127.8564
    70     132.1135     132.4963     124.1594
    70     132.6419     130.2396     129.0561
    70     131.2076     129.2287     128.0268
    70     126.8859     129.0930     128.3389
    70     130.0681     133.4916     134.1793
    70     122.5071     124.5947     134.1794
    70     136.7144     132.9097     132.2911
    70     128.6152     126.2335     132.0562
    70     130.1964     130.0001     136.9402
    70     131.0988     135.1654     132.9021
    70     130.9321     138.9408     132.0675
    70     131.4120     123.9981     130.0350
    70     129.4394     125.9172     130.5581
    70     131.3311     130.6702     132.6325
    70     132.6413     129.8647     129.1776
    70     126.7193     131.4516     131.5149
    70     131.9207     129.6734     127.1673
    70     127.8500     131.5694     126.5292
    70     130.0042     125.6800     126.7594
    70     132.7575     128.4777     132.5430
    70     128.0934     132.6619     125.7097
    70     133.3236     133.3499     135.3712
    70     130.7162     134.7617     139.0809
    70     131.4463     128.6768     130.9700
    70     128.3276     122.3047     128.8179
    70     132.0132     127.6516     132.0282
    70     124.8784     125.9643     132.9995
    70     124.5377     127.9640     129.2983
    70     127.0801     135.0706     134.2184
    70     129.7712     133.6735     128.1954
    70     125.7372     128.9035     133.2197
    70     124.6145     129.4377     130.2073
    80     120.8209     121.5377     120.8765
    80     121.1685     119.8820     116.9840
    80     119.0981     122.8620     116.1390
    80     117.2915     122.1840     125.7912
    80     122.0999     116.2996     117.9822
    80     113.3240     119.3405     118.2705
    80     116.5546     117.5379     121.8552
    80     121.0390     123.8276     117.1596
    80     120.2364     119.2296     124.3002
    80     114.8060     121.8656     122.2322
    80     121.4200     130.1939     121.2498
    80     119.7432     118.2692     119.1318
    80     118.6461     116.7641     120.2808
    80     125.3636     116.9195     117.1512
    80     118.5964     116.9627     123.6349
    80     117.7260     120.9643     118.7784
    80     115.1371     123.6663     118.5708
    80     121.7367     122.1992     124.3297
    80     117.0329     121.4167     112.0369
    80     115.5600     121.6899     124.7773
    80     121.3905     126.8999     124.4873
    80     121.0035     120.5043     126.4213
    80     119.6568     122.0318     112.3177
    80     126.1272     124.5689     115.7490
    80     124.9900     113.7991     115.8119
    80     118.7248     122.5106     122.4070
    80     119.4846     117.3557     120.8590
    80     122.9831     121.6163     127.1223
    80     125.0225     123.2896     119.0158
    80     122.0964     124.9635     122.3913
    80     119.3272     114.4080     122.7212
    80     117.6253     120.7259     119.2708
    80     127.1764     117.2551     118.3842
    80     127.0660     116.9743     119.5755
    80     121.5670     119.8332     127.1643
    80     121.1178     120.3949     118.2376
    80     122.0866     119.1028     121.1051
    80     118.4111     126.3685     128.1280
    80     116.8030     124.4511     121.8917
    80     123.1615     124.0876     116.4458
    80     115.9544     119.4457     122.2675
    80     124.6959     127.6983     117.6894
    80     117.7475     116.4392     122.9684
    80     121.3494     118.7356     118.8719
    80     121.1968     123.3605     119.3210
    80     121.8601     114.3941     120.0272
    80     121.3409     119.2537     118.6218
    80     125.8718     120.7435     130.1361
    80     120.9246     116.1629     111.8183
    80     119.8187     113.8971     127.1062
    80     117.5635     119.1789     128.5620
    80     116.8845     119.1900     114.6461
    80     120.3001     118.4712     118.8344
    80     122.4632     124.2010     128.0137
    80     125.7406     121.6023     122.4013
    80     117.5021     119.7516     124.5407
    80     115.8976     121.0983     122.6216
    80     118.4799     116.7456     120.4975
    80     124.1349     121.6959     121.3547
    80     115.4043     120.6650     116.8330
    80     114.4270     123.1797     120.2662
    80     119.1955     122.1064     126.7611
    80     117.1984     121.6115     118.8522
    80     120.5537     121.6150     118.1572
    80     117.7843     119.8086     122.7443
    80     124.0748     120.0034     124.9774
    80     120.9279     122.9676     128.1093
    80     114.3950     118.6867     123.9176
    80     117.7809     119.5459     122.0079
    80     115.5642     123.9435     122.0420
    80     116.5695     121.6328     125.8166
    80     122.5031     119.7303     120.0385
    80     115.9290     119.2121     119.2255
    80     123.9519     119.8972     125.8369
    80     119.9063     119.9860     120.4592
    80     118.6341     124.0047     118.2755
    80     119.7253     119.2435     116.6080
    80     119.7905     124.9045     115.8169
    80     123.0812     119.1229     127.3684
    80     123.1109     120.9561     128.0692
    80     116.6645     123.7469     122.1921
    80     119.3439     120.2707     125.7663
    80     118.8941     117.9155     118.0921
    80     118.4325     119.8546     128.1833
    80     117.0218     123.7217     113.1553
    80     124.8065     122.7144     118.9686
    80     122.9722     123.0758     119.6393
    80     114.9794     116.7042     117.5401
    80     116.8304     118.6349     114.6595
    80     119.5318     117.6693     123.3386
    80     119.9591     124.9403     119.1541
    80     117.1771     120.1061     125.5899
    80     124.1516     121.9537     124.8963
    80     118.9477     117.9553     119.8647
    80     121.6017     118.4651     123.3691
    80     120.6452     119.9630     119.2674
    80     123.6784     119.0425     122.5169
    80     118.7213     114.4591     118.5965
    80     116.8951     122.9813     127.4490
    80     115.4565     117.2808     118.4251
    90     108.3094     110.0060     116.3016
    90     105.8481     104.5168     110.7552
    90     111.9525     111.6300     111.1085
    90     112.9436     106.5619     106.1239
    90     109.2386     114.8158     118.7382
    90     110.5553     112.1338     110.9559
    90     112.1764     109.7218     112.5019
    90     113.2531     111.7378     117.0016
    90     108.5879     108.3286     111.8229
    90     112.7160     110.2018     105.5241
    90     108.5546     111.7988     109.8796
    90     112.2333     110.5890     112.2279
    90     108.3046     111.5315     110.0536
    90     113.6727     116.8689     111.9004
    90     104.1445     109.8397     106.8570
    90     113.5294     111.0064     114.1435
    90     113.1745     114.5033     110.5001
    90     112.5664     111.0358     113.4047
    90     112.8501     107.6592     111.7353
    90     106.3842     107.8936     110.0386
    90     115.0314     109.6285     113.6679
    90     116.3938     110.9244     111.4644
    90     109.4910     117.3959     112.4155
    90     110.9383     116.8205     108.4927
    90     113.5091     115.6807     111.7404
    90     106.8077     110.3339     100.8489
    90     108.3766     112.4471     113.7849
    90     112.3377     110.9591     105.8532
    90     109.4777     114.8576     113.6591
    90     110.1495     107.0048     117.6640
    90     110.8720     112.3516     111.5059
    90     107.7747     110.3001     112.0882
    90     105.9182     113.8788     110.3962
    90     107.6837     113.1863     112.6983
    90     105.4622     115.8514     113.7180
    90     106.5968     110.6116     119.0717
    90     110.2984     107.9566     111.0049
    90     112.7237     124.0305     113.3064
    90     107.4521     108.6424     113.1196
    90     111.4412     111.0608     116.7054
    90     105.9556     112.1668     112.7382
    90     111.2358     108.3296     111.2546
    90     103.5308     108.8921     107.1537
    90     107.8059     111.3562     113.4194
    90     108.2483     109.8884     111.6734
    90     106.4629     108.0553     106.6020
    90     112.8767     104.1341     108.8855
    90     108.1721     111.9208     111.2088
    90     118.2988     116.0824     111.0215
    90     113.9282     114.3200     113.1337
    90     108.5369     108.6350     109.1970
    90     114.7431     110.6407     115.7565
    90     107.9043     111.9923     103.1627
    90     109.5502     111.3928     108.5510
    90     109.1848     111.6782     112.6185
    90     114.2743     118.0108     108.8913
    90      99.1368     105.5741     111.8953
    90     109.7641     110.7412     113.1737
    90     113.1456     116.3166     107.5774
    90     105.9280     115.0790     110.6742
    90     116.6574     115.5579     110.7134
    90     111.0326     114.9684     109.5818
    90     107.7845     114.4646     110.6415
    90     110.3915     114.0854     110.0705
    90     108.8711     108.8666     111.5180
    90     102.9414     108.3178     107.4294
    90     110.3847     114.2086     111.9984
    90     112.4699     110.8616     110.6629
    90     111.1208     110.9770     112.9995
    90     109.9981     114.5320     110.6098
    90     110.0887     105.4216     110.9084
    90     111.6665     109.9840     112.0758
    90     109.7222     108.0018     110.5732
    90     110.4668     109.4326     109.8078
    90     109.5579     119.5905     117.9660
    90     110.9113     112.3463     105.3495
    90     112.7159     108.4445     112.9676
    90     110.4140     106.8896     106.2704
    90     105.8760     110.3912     110.5572
    90     113.7647     105.3953     119.7376
    90     108.0260     113.0082     109.7554
    90     119.9111     109.1721     113.3672
    90     115.9483     118.1456     114.8926
    90     113.4472     124.7255     115.6871
    90     108.3524     105.9269     114.7526
    90     110.4697     109.2494     113.6301
    90     108.3870     112.4601     113.9172
    90     112.7216     106.5905     103.0909
    90     102.2977     113.4080     111.7279
    90     103.6899     115.0807     118.4823
    90     108.5985     109.2991     108.9798
    90     116.9000     106.8888     108.0913
    90     109.7615     108.7321     104.2435
    90     110.6947     107.9344     107.3399
    90     104.0321     112.6793     109.7128
    90     113.6187     109.1834     114.4146
    90     107.7234     112.3382     115.6022
    90     115.4581     111.6583     112.8848
    90     105.5033     115.1616     112.3649
    90     109.8856     113.4076     114.6037
   100      96.2532     101.9242     104.3051
   100     101.3181     108.8903     103.8502
   100     104.5099     101.2716     107.5542
   100     101.9470      99.0688     102.7315
   100      98.0022     101.4794     104.8206
   100     103.4576     100.4183      99.5359
   100     102.1944      98.0888     105.5889
   100     100.2087     102.0688     105.6835
   100      99.7651      97.7604     105.9653
   100      97.6414      99.7786     102.8843
   100     101.7510     106.8580      98.8188
   100     104.5364     102.2027      97.3052
   100     102.1752     102.7791      92.7555
   100     105.7327     100.8465     105.4314
   100      97.5316     100.7987     105.9854
   100      97.5253     100.5264     101.1385
   100      99.5754     103.4720      98.1900
   100      98.9211     102.5455     100.5221
   100      98.4330      99.0070      95.6040
   100      96.8853     102.4536     102.7945
   100      96.7729     101.5339     102.2790
   100      98.8493      98.2996     103.8627
   100      98.5816     102.9230     104.9144
   100     102.4313     107.5559     104.9997
   100      99.5546      99.8666      99.9380
   100     103.3052      97.3751     108.4161
   100      99.2454     101.6614     105.0936
   100     101.4777     100.9413     104.0440
   100      96.7566     103.3872      95.7918
   100     103.9989     104.2060     101.9133
   100      98.1187      96.9750     100.7906
   100     102.4684      99.3477     101.9579
   100      97.1238     102.5643      97.3717
   100      95.1833     104.7586      97.8002
   100     104.6590     106.5271     106.5840
   100     103.3853     105.5543     102.0912
   100     102.4908     106.0709     106.4545
   100     100.0641     101.7686      96.9145
   100     103.3191      99.4942     109.1236
   100     100.1599     102.9346      99.2167
   100      95.2638     108.5752     106.4354
   100      93.2601     103.2691     110.6200
   100      95.0273      97.0208      93.8029
   100      98.8315      99.4230     103.6288
   100     101.1950      97.4918      97.6897
   100     102.5963     102.3989      94.0396
   100     103.0584     107.9789     103.7792
   100      94.5053      95.1487      99.7461
   100      97.0608     103.9301     101.7437
   100      98.2602      98.5526     104.6177
   100      96.9120     103.1010     107.0355
   100     101.3663      97.2998     101.8232
   100      99.2321      98.1248      97.2132
   100     105.4510     102.4324     105.2664
   100      97.5563      98.7627     102.4500
   100     100.5270     104.7604     105.8742
   100      96.4065     102.6737     102.2389
   100      91.9865      99.3237     101.1801
   100     100.9965      99.1287     103.9409
   100      97.9932      97.0808     104.7621
   100     100.0169     104.6590      99.0445
   100     104.0521      94.8535     105.2488
   100     105.5238      98.9169     103.2213
   100      98.9396     101.1168      99.4558
   100     105.4200     104.6460     106.4365
   100     102.5827      96.2692     110.6008
   100     102.6301     100.6908     100.8240
   100      96.7679      98.9393     104.8084
   100      98.7048     101.3972      99.2518
   100      96.3747     104.7942      99.7244
   100      94.4057      99.3393     100.8627
   100     106.8700     104.6063     101.2814
   100     105.0859     104.6075     101.1540
   100     103.4331     104.0902     104.7406
   100      96.4321     103.4559     104.4997
   100      99.4104     103.1064     100.4059
   100      93.4103     102.5690      99.4908
   100      97.9803      98.3832      94.7437
   100      95.2606      98.1245     105.2704
   100      98.9723     105.0296      97.6463
   100     103.0262      99.4552     105.4080
   100     100.3560     103.2443     103.4054
   100      96.5697     101.6309     102.3633
   100      99.0719     101.9221     105.2340
   100     103.8387     101.9523     103.8963
   100      99.7794     101.6739     104.2614
   100     100.1499     103.8144     103.3474
   100     100.2436     102.4763     101.2760
   100     104.7731      95.9161     100.1389
   100     105.6770      99.5504     103.5329
   100      99.9676     101.3748     101.2737
   100      98.7106      99.8046     111.9995
   100     101.4307      94.5809     103.3416
   100      97.6751     101.8948     103.2179
   100     101.8937     101.7501     100.0359
   100     100.9633     104.3222      96.5671
   100     101.2020     103.0583     104.8638
   100      95.5326     102.1923     101.3506
   100      99.0186      99.0912     102.2153
   100      99.8523     106.1604      98.4292
